% time-domain current integration by openEMS v0.0.36-16-g7d7688a @Tue Mar 18 11:46:14 2025
% start-coordinates: (-3.32833e-06,-5.03498e-06,0.00028375) m -> [89,10,19]
% stop-coordinates: (-3.32833e-06,1e-05,0.00029218) m -> [89,13,23]
% t/s	current
6.40505802839e-16	0
4.16649024747e-12	-1.82354742417e-10
8.33233998913e-12	-6.66890778711e-11
1.24981897308e-11	1.27992685894e-10
1.66640394725e-11	8.09766309562e-10
2.08298892141e-11	2.42851183607e-09
2.49957389558e-11	5.35798427848e-09
2.91615886975e-11	9.65126467634e-09
3.33274384391e-11	1.44643879096e-08
3.74932881808e-11	1.73137415516e-08
4.16591379225e-11	1.38495330759e-08
4.58249876641e-11	-1.63046598445e-09
4.99908374058e-11	-3.42613191151e-08
5.41566871475e-11	-8.56908499713e-08
5.83225368891e-11	-1.51062110376e-07
6.24883866308e-11	-2.1774259551e-07
6.66542363724e-11	-2.67271758503e-07
7.08200861141e-11	-2.80719149259e-07
7.49859358558e-11	-2.45651449404e-07
7.91517855974e-11	-1.61297847967e-07
8.33176353391e-11	-3.91245436049e-08
8.74834850808e-11	1.01866412194e-07
9.16493348224e-11	2.42529750949e-07
9.58151845641e-11	3.69496973462e-07
9.99810343058e-11	4.76453408282e-07
1.04146884047e-10	5.60773742109e-07
1.08312733789e-10	6.18774151917e-07
1.12478583531e-10	6.43563907943e-07
1.16644433272e-10	6.27403835551e-07
1.20810283014e-10	5.67038227928e-07
1.24976132756e-10	4.68224158112e-07
1.29141982497e-10	3.46197055023e-07
1.33307832239e-10	2.21504777187e-07
1.37473681981e-10	1.13384189149e-07
1.41639531722e-10	3.41252643921e-08
1.45805381464e-10	-1.32005588682e-08
1.49971231206e-10	-3.32974821049e-08
1.54137080947e-10	-3.49899877961e-08
1.58302930689e-10	-2.73918718818e-08
1.62468780431e-10	-1.73854601826e-08
1.66634630172e-10	-8.83295836474e-09
1.70800479914e-10	-3.05622216423e-09
1.74966329656e-10	1.52832607681e-10
1.79132179397e-10	1.58708457487e-09
1.83298029139e-10	2.03934047427e-09
1.87463878881e-10	2.05760808392e-09
1.91629728622e-10	1.93302196472e-09
1.95795578364e-10	1.75214642795e-09
1.99961428106e-10	1.6539017933e-09
2.04127277847e-10	1.57379864696e-09
2.08293127589e-10	1.47051160138e-09
2.12458977331e-10	1.37575606463e-09
2.16624827072e-10	1.28509225483e-09
2.20790676814e-10	1.19563925427e-09
2.24956526556e-10	1.11164077943e-09
2.29122376297e-10	1.03088582115e-09
2.33288226039e-10	9.53647494306e-10
2.37454075781e-10	8.7984086683e-10
2.41619925522e-10	8.11228861863e-10
2.45785775264e-10	7.46610384628e-10
2.49951625006e-10	6.84540979456e-10
2.54117474747e-10	6.2704680337e-10
2.58283324489e-10	5.72257685683e-10
2.62449174231e-10	5.22121512692e-10
2.66615023972e-10	4.73647121524e-10
2.70780873714e-10	4.28651725226e-10
2.74946723456e-10	3.87078508135e-10
2.79112573197e-10	3.47356032826e-10
2.83278422939e-10	3.10864500808e-10
2.87444272681e-10	2.76189432435e-10
2.91610122422e-10	2.43579267867e-10
2.95775972164e-10	2.1304970288e-10
2.99941821906e-10	1.84952012039e-10
3.04107671647e-10	1.58748597601e-10
3.08273521389e-10	1.33473496144e-10
3.12439371131e-10	1.09869356668e-10
3.16605220872e-10	8.78924294456e-11
3.20771070614e-10	6.73865824252e-11
3.24936920356e-10	4.82390412337e-11
