% time-domain voltage integration by openEMS v0.0.36-16-g7d7688a @Tue Mar 18 11:46:14 2025
% start-coordinates: (-2.22e-05,5e-06,0.000290847) m -> [81,12,21]
% stop-coordinates: (2.22e-05,5e-06,0.000290847) m -> [99,12,21]
% t/s	voltage
0	-0
4.16584974167e-12	-1.63574895851e-08
8.33169948333e-12	-2.39800021506e-08
1.2497549225e-11	-1.25340006429e-09
1.66633989667e-11	8.50513879325e-08
2.08292487083e-11	2.95655974369e-07
2.499509845e-11	7.0332693447e-07
2.91609481917e-11	1.33764095622e-06
3.33267979333e-11	2.09015722064e-06
3.7492647675e-11	2.59505340239e-06
4.16584974167e-11	2.1332774196e-06
4.58243471583e-11	-3.14738414886e-07
4.99901969e-11	-5.76420633536e-06
5.41560466416e-11	-1.46217749943e-05
5.83218963833e-11	-2.59338463593e-05
6.2487746125e-11	-3.68450004089e-05
6.66535958666e-11	-4.27495866688e-05
7.08194456083e-11	-3.84726146194e-05
7.498529535e-11	-2.03598428357e-05
7.91511450916e-11	1.14444314647e-05
8.33169948333e-11	5.16791183145e-05
8.7482844575e-11	9.06039726942e-05
9.16486943166e-11	0.000116812421538
9.58145440583e-11	0.000121316884815
9.99803938e-11	0.000101176369526
1.04146243542e-10	6.09478988736e-05
1.08312093283e-10	1.11841893897e-05
1.12477943025e-10	-3.53896890601e-05
1.16643792767e-10	-6.83015905452e-05
1.20809642508e-10	-8.24619139621e-05
1.2497549225e-10	-7.88768493294e-05
1.29141341992e-10	-6.30541640021e-05
1.33307191733e-10	-4.21929406684e-05
1.37473041475e-10	-2.2527215549e-05
1.41638891217e-10	-7.78766712983e-06
1.45804740958e-10	9.94282393307e-07
1.499705907e-10	4.72542772911e-06
1.54136440442e-10	5.16555613217e-06
1.58302290183e-10	4.03439481289e-06
1.62468139925e-10	2.54149285439e-06
1.66633989667e-10	1.30729375414e-06
1.70799839408e-10	5.09892868372e-07
1.7496568915e-10	9.07266759498e-08
1.79131538892e-10	-8.29808588509e-08
1.83297388633e-10	-1.3008409594e-07
1.87463238375e-10	-1.267799139e-07
1.91629088117e-10	-1.12279251674e-07
1.95794937858e-10	-1.03214502056e-07
1.999607876e-10	-9.82982883979e-08
2.04126637342e-10	-9.43131521769e-08
2.08292487083e-10	-8.91555411719e-08
2.12458336825e-10	-8.44151717416e-08
2.16624186567e-10	-7.98911863331e-08
2.20790036308e-10	-7.54254145807e-08
2.2495588605e-10	-7.12290746385e-08
2.29121735792e-10	-6.7202379217e-08
2.33287585533e-10	-6.33389987126e-08
2.37453435275e-10	-5.96596464453e-08
2.41619285017e-10	-5.62346643695e-08
2.45785134758e-10	-5.30059999226e-08
2.499509845e-10	-4.99056695968e-08
2.54116834242e-10	-4.70346555037e-08
2.58282683983e-10	-4.42956201718e-08
2.62448533725e-10	-4.17913330608e-08
2.66614383467e-10	-3.9373500571e-08
2.70780233208e-10	-3.71240738151e-08
2.7494608295e-10	-3.504328705e-08
2.79111932692e-10	-3.30663622594e-08
2.83277782433e-10	-3.12425743609e-08
2.87443632175e-10	-2.95068948164e-08
2.91609481917e-10	-2.78789539232e-08
2.95775331658e-10	-2.63491571895e-08
2.999411814e-10	-2.49489155446e-08
3.04107031142e-10	-2.36406668686e-08
3.08272880883e-10	-2.23726066562e-08
3.12438730625e-10	-2.12014569789e-08
3.16604580367e-10	-2.01016752688e-08
3.20770430108e-10	-1.90769050556e-08
3.2493627985e-10	-1.81199896754e-08
