0.0000000000000000e+00 -5.4907205159288430e-01 1.8000000000000000e+02
7.5000000000000000e+07 -5.4913683157551829e-01 1.7817259295010430e+02
1.5000000000000000e+08 -5.4933046635747484e-01 1.7634611555297204e+02
2.2500000000000000e+08 -5.4965084795054264e-01 1.7452149417247000e+02
3.0000000000000000e+08 -5.5009448795785854e-01 1.7269964862313944e+02
3.7500000000000000e+08 -5.5065655454858287e-01 1.7088148896625981e+02
4.5000000000000000e+08 -5.5133092343107026e-01 1.6906791238955520e+02
5.2500000000000000e+08 -5.5211024205513448e-01 1.6725980019641000e+02
6.0000000000000000e+08 -5.5298600608476556e-01 1.6545801492879554e+02
6.7500000000000000e+08 -5.5394864701518176e-01 1.6366339764611058e+02
7.5000000000000000e+08 -5.5498762966494319e-01 1.6187676537984407e+02
8.2500000000000000e+08 -5.5609155815832156e-01 1.6009890878144151e+02
9.0000000000000000e+08 -5.5724828892611666e-01 1.5833058997804363e+02
9.7500000000000000e+08 -5.5844504919579463e-01 1.5657254064793622e+02
1.0500000000000000e+09 -5.5966855941368798e-01 1.5482546032465285e+02
1.1250000000000000e+09 -5.6090515804275443e-01 1.5309001493577279e+02
1.2000000000000000e+09 -5.6214092720642062e-01 1.5136683557960271e+02
1.2750000000000000e+09 -5.6336181770141125e-01 1.4965651754017753e+02
1.3500000000000000e+09 -5.6455377197609080e-01 1.4795961953840145e+02
1.4250000000000000e+09 -5.6570284376384794e-01 1.4627666321471921e+02
1.5000000000000000e+09 -5.6679531316960319e-01 1.4460813283648267e+02
1.5750000000000000e+09 -5.6781779612773564e-01 1.4295447522118980e+02
1.6500000000000000e+09 -5.6875734727967087e-01 1.4131609986503349e+02
1.7250000000000000e+09 -5.6960155545398250e-01 1.3969337926471846e+02
1.8000000000000000e+09 -5.7033863106969640e-01 1.3808664941928703e+02
1.8750000000000000e+09 -5.7095748492058573e-01 1.3649621049773981e+02
1.9500000000000000e+09 -5.7144779793291223e-01 1.3492232765753181e+02
2.0250000000000000e+09 -5.7180008161886953e-01 1.3336523199856225e+02
2.1000000000000000e+09 -5.7200572907107294e-01 1.3182512163703927e+02
2.1750000000000000e+09 -5.7205705645891647e-01 1.3030216288356831e+02
2.2500000000000000e+09 -5.7194733509387130e-01 1.2879649150997199e+02
2.3250000000000000e+09 -5.7167081422754240e-01 1.2730821408967137e+02
2.4000000000000000e+09 -5.7122273483316577e-01 1.2583740939692640e+02
2.4750000000000000e+09 -5.7059933469762092e-01 1.2438412985082732e+02
2.5500000000000000e+09 -5.6979784521764987e-01 1.2294840299061966e+02
2.6250000000000000e+09 -5.6881648035059829e-01 1.2153023296972644e+02
2.7000000000000000e+09 -5.6765441821717000e-01 1.2012960205666933e+02
2.7750000000000000e+09 -5.6631177589208148e-01 1.1874647213198064e+02
2.8500000000000000e+09 -5.6478957794823892e-01 1.1738078617111603e+02
2.9250000000000000e+09 -5.6308971934218821e-01 1.1603246970431388e+02
3.0000000000000000e+09 -5.6121492324366651e-01 1.1470143224528870e+02
3.0750000000000000e+09 -5.5916869441996786e-01 1.1338756868157894e+02
3.1500000000000000e+09 -5.5695526878863644e-01 1.1209076062028890e+02
3.2250000000000000e+09 -5.5457955974843387e-01 1.1081087768385859e+02
3.3000000000000000e+09 -5.5204710189077377e-01 1.0954777875136020e+02
3.3750000000000000e+09 -5.4936399268099656e-01 1.0830131314164755e+02
3.4500000000000000e+09 -5.4653683268264508e-01 1.0707132173547427e+02
3.5250000000000000e+09 -5.4357266487758371e-01 1.0585763803443902e+02
3.6000000000000000e+09 -5.4047891361162415e-01 1.0466008915531694e+02
3.6750000000000000e+09 -5.3726332366921992e-01 1.0347849675898249e+02
3.7500000000000000e+09 -5.3393389995197671e-01 1.0231267791373176e+02
3.8250000000000000e+09 -5.3049884820529492e-01 1.0116244589336077e+02
3.9000000000000000e+09 -5.2696651720441601e-01 1.0002761091085371e+02
3.9750000000000000e+09 -5.2334534277721012e-01 9.8907980788984574e+01
4.0500000000000000e+09 -5.1964379400555250e-01 9.7803361569533067e+01
4.1250000000000000e+09 -5.1587032191078797e-01 9.6713558063162267e+01
4.2000000000000000e+09 -5.1203331089171278e-01 9.5638374342308069e+01
4.2750000000000000e+09 -5.0814103314640147e-01 9.4577614179681134e+01
4.3500000000000000e+09 -5.0420160627178334e-01 9.3531081435191737e+01
4.4250000000000000e+09 -5.0022295419789986e-01 9.2498580394270476e+01
4.5000000000000000e+09 -4.9621277157746024e-01 9.1479916060682569e+01
4.5750000000000000e+09 -4.9217849171576261e-01 9.0474894407016819e+01
4.6500000000000000e+09 -4.8812725809169311e-01 8.9483322586076696e+01
4.7250000000000000e+09 -4.8406589948765150e-01 8.8505009106416253e+01
4.8000000000000000e+09 -4.8000090871510004e-01 8.7539763975245165e+01
4.8750000000000000e+09 -4.7593842489278165e-01 8.6587398811879069e+01
4.9500000000000000e+09 -4.7188421920779666e-01 8.5647726934842211e+01
5.0250000000000000e+09 -4.6784368406416998e-01 8.4720563425632449e+01
5.1000000000000000e+09 -4.6382182550131723e-01 8.3805725172045456e+01
5.1750000000000000e+09 -4.5982325874416469e-01 8.2903030893823257e+01
5.2500000000000000e+09 -4.5585220672915344e-01 8.2012301153245943e+01
5.3250000000000000e+09 -4.5191250143508066e-01 8.1133358353131015e+01
5.4000000000000000e+09 -4.4800758783509004e-01 8.0266026724536559e+01
5.4750000000000000e+09 -4.4414053027584560e-01 7.9410132306295580e+01
5.5500000000000000e+09 -4.4031402108242390e-01 7.8565502918332257e+01
5.6250000000000000e+09 -4.3653039118178683e-01 7.7731968130534383e+01
5.7000000000000000e+09 -4.3279162253484171e-01 7.6909359228780588e+01
5.7750000000000000e+09 -4.2909936216589506e-01 7.6097509179546321e+01
5.8500000000000000e+09 -4.2545493757933883e-01 7.5296252594342945e+01
5.9250000000000000e+09 -4.2185937335610657e-01 7.4505425695079111e+01
6.0000000000000000e+09 -4.1831340872689499e-01 7.3724866281275382e+01
6.0750000000000000e+09 -4.1481751592488780e-01 7.2954413699912564e+01
6.1500000000000000e+09 -4.1137191912804766e-01 7.2193908818550952e+01
6.2250000000000000e+09 -4.0797661380907480e-01 7.1443194002223962e+01
6.3000000000000000e+09 -4.0463138632049261e-01 7.0702113094486265e+01
6.3750000000000000e+09 -4.0133583355227187e-01 6.9970511402879936e+01
6.4500000000000000e+09 -3.9808938250986364e-01 6.9248235688978838e+01
6.5250000000000000e+09 -3.9489130967172209e-01 6.8535134163074403e+01
6.6000000000000000e+09 -3.9174075999667846e-01 6.7831056483481873e+01
6.6750000000000000e+09 -3.8863676546305653e-01 6.7135853760368647e+01
6.7500000000000000e+09 -3.8557826303314896e-01 6.6449378563939774e+01
6.8250000000000000e+09 -3.8256411194818851e-01 6.5771484936757076e+01
6.9000000000000000e+09 -3.7959311027046461e-01 6.5102028409919498e+01
6.9750000000000000e+09 -3.7666401060054588e-01 6.4440866022788683e+01
7.0500000000000000e+09 -3.7377553490840743e-01 6.3787856345911692e+01
7.1250000000000000e+09 -3.7092638842821518e-01 6.3142859506763600e+01
7.2000000000000000e+09 -3.6811527257636212e-01 6.2505737217913278e+01
7.2750000000000000e+09 -3.6534089686259658e-01 6.1876352807201279e+01
7.3500000000000000e+09 -3.6260198977319935e-01 6.1254571249508373e+01
7.4250000000000000e+09 -3.5989730861410707e-01 6.0640259199691954e+01
7.5000000000000000e+09 -3.5722564831025327e-01 6.0033285026265894e+01
7.5750000000000000e+09 -3.5458584916525115e-01 5.9433518845407256e+01
7.6500000000000000e+09 -3.5197680359280281e-01 5.8840832554880166e+01
7.7250000000000000e+09 -3.4939746183800957e-01 5.8255099867481569e+01
7.8000000000000000e+09 -3.4684683671301036e-01 5.7676196343628384e+01
7.8750000000000000e+09 -3.4432400737688729e-01 5.7103999422724009e+01
7.9500000000000000e+09 -3.4182812219521308e-01 5.6538388452963979e+01
8.0250000000000000e+09 -3.3935840071880263e-01 5.5979244719262077e+01
8.1000000000000000e+09 -3.3691413482571841e-01 5.5426451469004469e+01
8.1750000000000000e+09 -3.3449468907369706e-01 5.4879893935364869e+01
8.2500000000000000e+09 -3.3209950031353880e-01 5.4339459357941159e+01
8.3250000000000000e+09 -3.2972807661630232e-01 5.3805037000503049e+01
8.4000000000000000e+09 -3.2737999556917247e-01 5.3276518165668406e+01
8.4750000000000000e+09 -3.2505490199650666e-01 5.2753796206356590e+01
8.5500000000000000e+09 -3.2275250516355242e-01 5.2236766533895867e+01
8.6250000000000000e+09 -3.2047257552084485e-01 5.1725326622692378e+01
8.7000000000000000e+09 -3.1821494104767917e-01 5.1219376011397152e+01
8.7750000000000000e+09 -3.1597948325253428e-01 5.0718816300536751e+01
8.8500000000000000e+09 -3.1376613288786015e-01 5.0223551146601508e+01
8.9250000000000000e+09 -3.1157486543542812e-01 4.9733486252612394e+01
9.0000000000000000e+09 -3.0940569641725346e-01 4.9248529355214266e+01
9.0750000000000000e+09 -3.0725867658500816e-01 4.8768590208367677e+01
9.1500000000000000e+09 -3.0513388703920996e-01 4.8293580563735667e+01
9.2250000000000000e+09 -3.0303143432675844e-01 4.7823414147883881e+01
9.3000000000000000e+09 -3.0095144556302111e-01 4.7358006636432442e+01
9.3750000000000000e+09 -2.9889406362177812e-01 4.6897275625316816e+01
9.4500000000000000e+09 -2.9685944243327200e-01 4.6441140599331860e+01
9.5250000000000000e+09 -2.9484774242754330e-01 4.5989522898147236e+01
9.6000000000000000e+09 -2.9285912615679610e-01 4.5542345679996167e+01
9.6750000000000000e+09 -2.9089375412720958e-01 4.5099533883248974e+01
9.7500000000000000e+09 -2.8895178086710116e-01 4.4661014186092174e+01
9.8250000000000000e+09 -2.8703335125479196e-01 4.4226714964540236e+01
9.9000000000000000e+09 -2.8513859712612377e-01 4.3796566249011413e+01
9.9750000000000000e+09 -2.8326763417786605e-01 4.3370499679701297e+01
1.0050000000000000e+10 -2.8142055918006109e-01 4.2948448460988978e+01
1.0125000000000000e+10 -2.7959744750667920e-01 4.2530347315108159e+01
1.0200000000000000e+10 -2.7779835099099687e-01 4.2116132435313546e+01
1.0275000000000000e+10 -2.7602329610873699e-01 4.1705741438766843e+01
1.0350000000000000e+10 -2.7427228248902935e-01 4.1299113319361545e+01
1.0425000000000000e+10 -2.7254528175057752e-01 4.0896188400696253e+01
1.0500000000000000e+10 -2.7084223665752089e-01 4.0496908289398931e+01
1.0575000000000000e+10 -2.6916306058720801e-01 4.0101215828992366e+01
1.0650000000000000e+10 -2.6750763729964105e-01 3.9709055054481219e+01
1.0725000000000000e+10 -2.6587582099654877e-01 3.9320371147827778e+01
1.0800000000000000e+10 -2.6426743665585128e-01 3.8935110394471515e+01
1.0875000000000000e+10 -2.6268228062602794e-01 3.8553220141033187e+01
1.0950000000000000e+10 -2.6112012146320562e-01 3.8174648754330654e+01
1.1025000000000000e+10 -2.5958070099274039e-01 3.7799345581819701e+01
1.1100000000000000e+10 -2.5806373557608997e-01 3.7427260913557873e+01
1.1175000000000000e+10 -2.5656891756296940e-01 3.7058345945775791e+01
1.1250000000000000e+10 -2.5509591690823719e-01 3.6692552746125216e+01
1.1325000000000000e+10 -2.5364438293271374e-01 3.6329834220659919e+01
1.1400000000000000e+10 -2.5221394620672893e-01 3.5970144082590267e+01
1.1475000000000000e+10 -2.5080422053548790e-01 3.5613436822840221e+01
1.1550000000000000e+10 -2.4941480502536656e-01 3.5259667682421529e+01
1.1625000000000000e+10 -2.4804528621054467e-01 3.4908792626627637e+01
1.1700000000000000e+10 -2.4669524022001238e-01 3.4560768321038147e+01
1.1775000000000000e+10 -2.4536423496550994e-01 3.4215552109313101e+01
1.1850000000000000e+10 -2.4405183233168828e-01 3.3873101992746150e+01
1.1925000000000000e+10 -2.4275759035066038e-01 3.3533376611535623e+01
1.2000000000000000e+10 -2.4148106534402142e-01 3.3196335227723623e+01
1.2075000000000000e+10 -2.4022181401645359e-01 3.2861937709745135e+01
1.2150000000000000e+10 -2.3897939548610997e-01 3.2530144518521581e+01
1.2225000000000000e+10 -2.3775337323814691e-01 3.2200916695026883e+01
1.2300000000000000e+10 -2.3654331698887973e-01 3.1874215849247982e+01
1.2375000000000000e+10 -2.3534880444943077e-01 3.1550004150457305e+01
1.2450000000000000e+10 -2.3416942297881538e-01 3.1228244318710235e+01
1.2525000000000000e+10 -2.3300477111782175e-01 3.0908899617477349e+01
1.2600000000000000e+10 -2.3185445999624907e-01 3.0591933847318611e+01
1.2675000000000000e+10 -2.3071811460730901e-01 3.0277311340505175e+01
1.2750000000000000e+10 -2.2959537494442242e-01 2.9964996956493092e+01
1.2825000000000000e+10 -2.2848589699662120e-01 2.9654956078153020e+01
1.2900000000000000e+10 -2.2738935360023022e-01 2.9347154608660460e+01
1.2975000000000000e+10 -2.2630543514551699e-01 2.9041558968951666e+01
1.3050000000000000e+10 -2.2523385013822728e-01 2.8738136095652450e+01
1.3125000000000000e+10 -2.2417432561692485e-01 2.8436853439388916e+01
1.3200000000000000e+10 -2.2312660742820006e-01 2.8137678963391927e+01
1.3275000000000000e+10 -2.2209046036266170e-01 2.7840581142310260e+01
1.3350000000000000e+10 -2.2106566815565307e-01 2.7545528961151089e+01
1.3425000000000000e+10 -2.2005203335741366e-01 2.7252491914270472e+01
1.3500000000000000e+10 -2.1904937707820646e-01 2.6961440004340606e+01
1.3575000000000000e+10 -2.1805753861463939e-01 2.6672343741225877e+01
1.3650000000000000e+10 -2.1707637496406915e-01 2.6385174140703992e+01
1.3725000000000000e+10 -2.1610576023442798e-01 2.6099902722974285e+01
1.3800000000000000e+10 -2.1514558495747743e-01 2.5816501510900213e+01
1.3875000000000000e+10 -2.1419575531371124e-01 2.5534943027938571e+01
1.3950000000000000e+10 -2.1325619227757980e-01 2.5255200295714047e+01
1.4025000000000000e+10 -2.1232683069191824e-01 2.4977246831202415e+01
1.4100000000000000e+10 -2.1140761828061586e-01 2.4701056643492219e+01
1.4175000000000000e+10 -2.1049851460873925e-01 2.4426604230099510e+01
1.4250000000000000e+10 -2.0959948999928482e-01 2.4153864572816644e+01
1.4325000000000000e+10 -2.0871052441575261e-01 2.3882813133080390e+01
1.4400000000000000e+10 -2.0783160631960146e-01 2.3613425846850891e+01
1.4475000000000000e+10 -2.0696273151152217e-01 2.3345679118997221e+01
1.4550000000000000e+10 -2.0610390196527859e-01 2.3079549817190589e+01
1.4625000000000000e+10 -2.0525512466246412e-01 2.2815015265310745e+01
1.4700000000000000e+10 -2.0441641043643444e-01 2.2552053236375286e+01
1.4775000000000000e+10 -2.0358777283309570e-01 2.2290641945005810e+01
1.4850000000000000e+10 -2.0276922699598304e-01 2.2030760039448399e+01
1.4925000000000000e+10 -2.0196078858258154e-01 2.1772386593169763e+01
1.5000000000000000e+10 -2.0116247271837834e-01 2.1515501096053097e+01
1.5075000000000000e+10 -2.0037429299467913e-01 2.1260083445220459e+01
1.5150000000000000e+10 -1.9959626051571464e-01 2.1006113935511802e+01
1.5225000000000000e+10 -1.9882838300003769e-01 2.0753573249651520e+01
1.5300000000000000e+10 -1.9807066394068665e-01 2.0502442448136701e+01
1.5375000000000000e+10 -1.9732310182809260e-01 2.0252702958881859e+01
1.5450000000000000e+10 -1.9658568943917207e-01 2.0004336566656342e+01
1.5525000000000000e+10 -1.9585841319541547e-01 1.9757325402351906e+01
1.5600000000000000e+10 -1.9514125259246548e-01 1.9511651932118120e+01
1.5675000000000000e+10 -1.9443417970295931e-01 1.9267298946403738e+01
1.5750000000000000e+10 -1.9373715875398972e-01 1.9024249548942855e+01
1.5825000000000000e+10 -1.9305014578011120e-01 1.8782487145723611e+01
1.5900000000000000e+10 -1.9237308835219707e-01 1.8541995433977522e+01
1.5975000000000000e+10 -1.9170592538214778e-01 1.8302758391227091e+01
1.6050000000000000e+10 -1.9104858700289409e-01 1.8064760264427793e+01
1.6125000000000000e+10 -1.9040099452280454e-01 1.7827985559240755e+01
1.6200000000000000e+10 -1.8976306045312868e-01 1.7592419029470364e+01
1.6275000000000000e+10 -1.8913468860683780e-01 1.7358045666700509e+01
1.6350000000000000e+10 -1.8851577426672758e-01 1.7124850690161505e+01
1.6425000000000000e+10 -1.8790620442046524e-01 1.6892819536858493e+01
1.6500000000000000e+10 -1.8730585805982941e-01 1.6661937851990238e+01
1.6575000000000000e+10 -1.8671460654116395e-01 1.6432191479686253e+01
1.6650000000000000e+10 -1.8613231400376962e-01 1.6203566454087579e+01
1.6725000000000000e+10 -1.8555883784276700e-01 1.5976048990795565e+01
1.6800000000000000e+10 -1.8499402923259756e-01 1.5749625478710898e+01
1.6875000000000000e+10 -1.8443773369729685e-01 1.5524282472282737e+01
1.6950000000000000e+10 -1.8388979172337533e-01 1.5300006684186821e+01
1.7025000000000000e+10 -1.8335003941093214e-01 1.5076784978448492e+01
1.7100000000000000e+10 -1.8281830915862712e-01 1.4854604364025231e+01
1.7175000000000000e+10 -1.8229443037786103e-01 1.4633451988860669e+01
1.7250000000000000e+10 -1.8177823023143003e-01 1.4413315134420550e+01
1.7325000000000000e+10 -1.8126953439190269e-01 1.4194181210718355e+01
1.7400000000000000e+10 -1.8076816781476071e-01 1.3976037751836573e+01
1.7475000000000000e+10 -1.8027395552138709e-01 1.3758872411947371e+01
1.7550000000000000e+10 -1.7978672338690604e-01 1.3542672961833865e+01
1.7625000000000000e+10 -1.7930629892783667e-01 1.3327427285911464e+01
1.7700000000000000e+10 -1.7883251208454992e-01 1.3113123379745996e+01
1.7775000000000000e+10 -1.7836519599352024e-01 1.2899749348063716e+01
1.7850000000000000e+10 -1.7790418774440625e-01 1.2687293403244997e+01
1.7925000000000000e+10 -1.7744932911705630e-01 1.2475743864292591e+01
1.8000000000000000e+10 -1.7700046729355431e-01 1.2265089156261661e+01
1.8075000000000000e+10 -1.7655745554067195e-01 1.2055317810137693e+01
1.8150000000000000e+10 -1.7612015385806309e-01 1.1846418463145387e+01
1.8225000000000000e+10 -1.7568842958771866e-01 1.1638379859469699e+01
1.8300000000000000e+10 -1.7526215798047873e-01 1.1431190851368170e+01
1.8375000000000000e+10 -1.7484122271547473e-01 1.1224840400651095e+01
1.8450000000000000e+10 -1.7442551636863413e-01 1.1019317580504557e+01
1.8525000000000000e+10 -1.7401494082665703e-01 1.0814611577628908e+01
1.8600000000000000e+10 -1.7360940764311963e-01 1.0610711694663669e+01
1.8675000000000000e+10 -1.7320883833364947e-01 1.0407607352867620e+01
1.8750000000000000e+10 -1.7281316460745555e-01 1.0205288095021869e+01
1.8825000000000000e+10 -1.7242232853286421e-01 1.0003743588521143e+01
1.8900000000000000e+10 -1.7203628263476384e-01 9.8029636286178832e+00
1.8975000000000000e+10 -1.7165498992243930e-01 9.6029381417822730e+00
1.9050000000000000e+10 -1.7127842384648162e-01 9.4036571891398921e+00
1.9125000000000000e+10 -1.7090656818409883e-01 9.2051109699482012e+00
1.9200000000000000e+10 -1.7053941685231772e-01 9.0072898250721565e+00
1.9275000000000000e+10 -1.7017697364934845e-01 8.8101842404186108e+00
1.9350000000000000e+10 -1.6981925192459885e-01 8.6137848502891554e+00
1.9425000000000000e+10 -1.6946627417842225e-01 8.4180824406109807e+00
1.9500000000000000e+10 -1.6911807159317241e-01 8.2230679520048557e+00
1.9575000000000000e+10 -1.6877468349757060e-01 8.0287324826512823e+00
1.9650000000000000e+10 -1.6843615676697568e-01 7.8350672909146013e+00
1.9725000000000000e+10 -1.6810254516253026e-01 7.6420637976875314e+00
1.9800000000000000e+10 -1.6777390861280284e-01 7.4497135884191055e+00
1.9875000000000000e+10 -1.6745031244181252e-01 7.2580084147899688e+00
1.9950000000000000e+10 -1.6713182654804423e-01 7.0669401960022959e+00
2.0025000000000000e+10 -1.6681852453929877e-01 6.8765010196519940e+00
2.0100000000000000e+10 -1.6651048282882538e-01 6.6866831421541342e+00
2.0175000000000000e+10 -1.6620777969851144e-01 6.4974789886952165e+00
2.0250000000000000e+10 -1.6591049433528185e-01 6.3088811526881479e+00
2.0325000000000000e+10 -1.6561870584736291e-01 6.1208823947094961e+00
2.0400000000000000e+10 -1.6533249226721722e-01 5.9334756409016514e+00
2.0475000000000000e+10 -1.6505192954835807e-01 5.7466539808262374e+00
2.0550000000000000e+10 -1.6477709056352333e-01 5.5604106647589173e+00
2.0625000000000000e+10 -1.6450804411183106e-01 5.3747391004197445e+00
2.0700000000000000e+10 -1.6424485394274904e-01 5.1896328491374684e+00
2.0775000000000000e+10 -1.6398757780483120e-01 5.0050856214504327e+00
2.0850000000000000e+10 -1.6373626652724016e-01 4.8210912721515546e+00
2.0925000000000000e+10 -1.6349096314203673e-01 4.6376437947888833e+00
2.1000000000000000e+10 -1.6325170205527667e-01 4.4547373156388224e+00
2.1075000000000000e+10 -1.6301850827468650e-01 4.2723660871728617e+00
2.1150000000000000e+10 -1.6279139670166973e-01 4.0905244810444561e+00
2.1225000000000000e+10 -1.6257037149505729e-01 3.9092069806267467e+00
2.1300000000000000e+10 -1.6235542551379223e-01 3.7284081731367116e+00
2.1375000000000000e+10 -1.6214653984525071e-01 3.5481227413866328e+00
2.1450000000000000e+10 -1.6194368342556653e-01 3.3683454552069358e+00
2.1525000000000000e+10 -1.6174681275781003e-01 3.1890711625906509e+00
2.1600000000000000e+10 -1.6155587173322175e-01 3.0102947806120044e+00
2.1675000000000000e+10 -1.6137079156009790e-01 2.8320112861771984e+00
2.1750000000000000e+10 -1.6119149080431561e-01 2.6542157066678818e+00
2.1825000000000000e+10 -1.6101787554447589e-01 2.4769031105416635e+00
2.1900000000000000e+10 -1.6084983964411922e-01 2.3000685979567792e+00
2.1975000000000000e+10 -1.6068726514228523e-01 2.1237072914904545e+00
2.2050000000000000e+10 -1.6053002276307055e-01 1.9478143270223500e+00
2.2125000000000000e+10 -1.6037797254347419e-01 1.7723848448560442e+00
2.2200000000000000e+10 -1.6023096457822048e-01 1.5974139811524806e+00
2.2275000000000000e+10 -1.6008883987888481e-01 1.4228968597491582e+00
2.2350000000000000e+10 -1.5995143134368298e-01 1.2488285844393434e+00
2.2425000000000000e+10 -1.5981856483327633e-01 1.0752042317831603e+00
2.2500000000000000e+10 -1.5969006034671573e-01 9.0201884452278369e-01
2.2575000000000000e+10 -1.5956573329062559e-01 7.2926742566917035e-01
2.2650000000000000e+10 -1.5944539583369391e-01 5.5694493332682915e-01
2.2725000000000000e+10 -1.5932885833734953e-01 3.8504627631752708e-01
2.2800000000000000e+10 -1.5921593085269428e-01 2.1356631066103282e-01
2.2875000000000000e+10 -1.5910642467254696e-01 4.2499836963749829e-02
2.2950000000000000e+10 -1.5900015392677244e-01 -1.2815840123791400e-01
2.3025000000000000e+10 -1.5889693720807679e-01 -2.9841371814050327e-01
2.3100000000000000e+10 -1.5879659921473779e-01 -4.6827148531094437e-01
2.3175000000000000e+10 -1.5869897239615752e-01 -6.3773713027361212e-01
2.3250000000000000e+10 -1.5860389858628490e-01 -8.0681613403190178e-01
2.3325000000000000e+10 -1.5851123060995165e-01 -9.7551402751674032e-01
2.3400000000000000e+10 -1.5842083384633929e-01 -1.1438363869651380e+00
2.3475000000000000e+10 -1.5833258773393805e-01 -1.3117888282402450e+00
2.3550000000000000e+10 -1.5824638720121387e-01 -1.4793770001152891e+00
2.3625000000000000e+10 -1.5816214400710735e-01 -1.6466065765537554e+00
2.3700000000000000e+10 -1.5807978797593800e-01 -1.8134832480277434e+00
2.3775000000000000e+10 -1.5799926811160225e-01 -1.9800127119278290e+00
2.3850000000000000e+10 -1.5792055357626431e-01 -2.1462006621271672e+00
2.3925000000000000e+10 -1.5784363451986411e-01 -2.3120527777727862e+00
2.4000000000000000e+10 -1.5776852274709735e-01 -2.4775747113867785e+00
2.4075000000000000e+10 -1.5769525220986344e-01 -2.6427720763697495e+00
2.4150000000000000e+10 -1.5762387931426675e-01 -2.8076504340069084e+00
2.4225000000000000e+10 -1.5755448303229821e-01 -2.9722152800871307e+00
2.4300000000000000e+10 -1.5748716481012137e-01 -3.1364720312505505e+00
2.4375000000000000e+10 -1.5742204826608897e-01 -3.3004260111898578e+00
2.4450000000000000e+10 -1.5735927867343513e-01 -3.4640824368340359e+00
2.4525000000000000e+10 -1.5729902222446229e-01 -3.6274464046499233e+00
2.4600000000000000e+10 -1.5724146507469339e-01 -3.7905228772006119e+00
2.4675000000000000e+10 -1.5718681216759620e-01 -3.9533166701024571e+00
2.4750000000000000e+10 -1.5713528584242312e-01 -4.1158324395240005e+00
2.4825000000000000e+10 -1.5708712422990920e-01 -4.2780746703721597e+00
2.4900000000000000e+10 -1.5704257944250438e-01 -4.4400476653079037e+00
2.4975000000000000e+10 -1.5700191556822660e-01 -4.6017555347343633e+00
2.5050000000000000e+10 -1.5696540647914986e-01 -4.7632021878952102e+00
2.5125000000000000e+10 -1.5693333346777624e-01 -4.9243913252163098e+00
2.5200000000000000e+10 -1.5690598272687156e-01 -5.0853264320196274e+00
2.5275000000000000e+10 -1.5688364268982669e-01 -5.2460107737281714e+00
2.5350000000000000e+10 -1.5686660125146751e-01 -5.4064473926737167e+00
2.5425000000000000e+10 -1.5685514289034722e-01 -5.5666391066090446e+00
2.5500000000000000e+10 -1.5684954571582288e-01 -5.7265885090126041e+00
2.5575000000000000e+10 -1.5685007846484861e-01 -5.8862979712640691e+00
2.5650000000000000e+10 -1.5685699747468740e-01 -6.0457696467517401e+00
2.5725000000000000e+10 -1.5687054365962727e-01 -6.2050054769595278e+00
2.5800000000000000e+10 -1.5689093952027677e-01 -6.3640071995644023e+00
2.5875000000000000e+10 -1.5691838621564122e-01 -6.5227763585566274e+00
2.5950000000000000e+10 -1.5695306072854320e-01 -6.6813143163778461e+00
2.6025000000000000e+10 -1.5699511315544373e-01 -6.8396222680530432e+00
2.6100000000000000e+10 -1.5704466415227025e-01 -6.9977012572689263e+00
2.6175000000000000e+10 -1.5710180256740039e-01 -7.1555521943370373e+00
2.6250000000000000e+10 -1.5716658329296138e-01 -7.3131758759517638e+00
2.6325000000000000e+10 -1.5723902536468379e-01 -7.4705730066375038e+00
2.6400000000000000e+10 -1.5731911033977780e-01 -7.6277442217552176e+00
2.6475000000000000e+10 -1.5740678098099900e-01 -7.7846901119170999e+00
2.6550000000000000e+10 -1.5750194027314021e-01 -7.9414112486399171e+00
2.6625000000000000e+10 -1.5760445079672433e-01 -8.0979082110436362e+00
2.6700000000000000e+10 -1.5771413448085353e-01 -8.2541816133849863e+00
2.6775000000000000e+10 -1.5783077275476198e-01 -8.4102321331963257e+00
2.6850000000000000e+10 -1.5795410711473989e-01 -8.5660605397826597e+00
2.6925000000000000e+10 -1.5808384011935411e-01 -8.7216677228139670e+00
2.7000000000000000e+10 -1.5821963682292331e-01 -8.8770547207370143e+00
2.7075000000000000e+10 -1.5836112665254132e-01 -9.0322227487185849e+00
2.7150000000000000e+10 -1.5850790573038892e-01 -9.1871732258203505e+00
2.7225000000000000e+10 -1.5865953963834070e-01 -9.3419078011041723e+00
2.7300000000000000e+10 -1.5881556661739260e-01 -9.4964283783533272e+00
2.7375000000000000e+10 -1.5897550118949885e-01 -9.6507371391057948e+00
2.7450000000000000e+10 -1.5913883818472696e-01 -9.8048365636844892e+00
2.7525000000000000e+10 -1.5930505715148119e-01 -9.9587294499251300e+00
2.7600000000000000e+10 -1.5947362712259455e-01 -1.0112418929305775e+01
2.7675000000000000e+10 -1.5964401170522821e-01 -1.0265908480192421e+01
2.7750000000000000e+10 -1.5981567445735945e-01 -1.0419201937937011e+01
2.7825000000000000e+10 -1.5998808450919247e-01 -1.0572303501576309e+01
2.7900000000000000e+10 -1.6016072238308934e-01 -1.0725217736907533e+01
2.7975000000000000e+10 -1.6033308596125326e-01 -1.0877949575740447e+01
2.8050000000000000e+10 -1.6050469654685900e-01 -1.1030504311155582e+01
2.8125000000000000e+10 -1.6067510495997681e-01 -1.1182887588631413e+01
2.8200000000000000e+10 -1.6084389760734930e-01 -1.1335105392939491e+01
2.8275000000000000e+10 -1.6101070246162857e-01 -1.1487164030742099e+01
2.8350000000000000e+10 -1.6117519488421991e-01 -1.1639070108871611e+01
2.8425000000000000e+10 -1.6133710322376743e-01 -1.1790830508310872e+01
2.8500000000000000e+10 -1.6149621412180148e-01 -1.1942452353940403e+01
2.8575000000000000e+10 -1.6165237745645261e-01 -1.2093942980161948e+01
2.8650000000000000e+10 -1.6180551085610981e-01 -1.2245309892558222e+01
2.8725000000000000e+10 -1.6195560371522799e-01 -1.2396560725792277e+01
2.8800000000000000e+10 -1.6210272064707176e-01 -1.2547703198001553e+01
2.8875000000000000e+10 -1.6224700431051448e-01 -1.2698745061983725e+01
2.8950000000000000e+10 -1.6238867755103437e-01 -1.2849694053521615e+01
2.9025000000000000e+10 -1.6252804480068833e-01 -1.3000557837240507e+01
2.9100000000000000e+10 -1.6266549268600713e-01 -1.3151343950424865e+01
2.9175000000000000e+10 -1.6280148979868597e-01 -1.3302059745276456e+01
2.9250000000000000e+10 -1.6293658558991367e-01 -1.3452712330119203e+01
2.9325000000000000e+10 -1.6307140835549658e-01 -1.3603308510102856e+01
2.9400000000000000e+10 -1.6320666228753347e-01 -1.3753854727978748e+01
2.9475000000000000e+10 -1.6334312357460390e-01 -1.3904357005556799e+01
2.9550000000000000e+10 -1.6348163554282946e-01 -1.4054820886468098e+01
2.9625000000000000e+10 -1.6362310283734913e-01 -1.4205251380880803e+01
2.9700000000000000e+10 -1.6376848465418872e-01 -1.4355652912828349e+01
2.9775000000000000e+10 -1.6391878704232565e-01 -1.4506029270815649e+01
2.9850000000000000e+10 -1.6407505430464789e-01 -1.4656383562373012e+01
2.9925000000000000e+10 -1.6423835953838326e-01 -1.4806718173221110e+01
3.0000000000000000e+10 -1.6440979436485875e-01 -1.4957034731705377e+01
